0.275	0.333	0.389	88.796	89.104	89.382	0.000
0.266	0.322	0.392	88.730	89.171	89.416	0.000
0.236	0.315	0.399	88.730	89.071	89.382	0.000
0.236	0.315	0.403	88.730	89.071	89.349	0.000
0.236	0.322	0.409	88.730	88.970	89.382	0.000
0.248	0.326	0.420	88.730	89.104	89.349	0.000
0.254	0.330	0.413	88.730	89.037	89.315	0.000
0.242	0.333	0.406	88.696	89.004	89.282	0.000
0.251	0.337	0.399	88.730	88.903	89.315	0.000
0.245	0.340	0.382	88.730	88.903	89.282	0.000
0.254	0.337	0.379	88.730	88.903	89.182	0.000
0.254	0.337	0.351	88.730	88.937	89.215	0.000
0.242	0.333	0.344	88.730	88.803	89.048	0.000
0.242	0.330	0.334	88.696	88.769	88.981	0.000
0.230	0.315	0.334	88.696	88.803	88.880	0.000
0.239	0.305	0.341	88.730	88.635	88.914	0.000
0.233	0.305	0.348	88.696	88.736	88.847	0.000
0.236	0.301	0.365	88.696	88.736	88.880	0.000
0.221	0.301	0.365	88.597	88.568	88.847	0.000
0.224	0.308	0.379	88.630	88.736	88.847	0.000
0.230	0.301	0.389	88.564	88.602	88.847	0.000
0.242	0.297	0.396	88.530	88.635	88.813	0.000
0.254	0.297	0.403	88.497	88.501	88.880	0.000
0.272	0.287	0.399	88.431	88.568	88.847	0.000
0.275	0.283	0.396	88.364	88.535	88.847	0.000
0.263	0.280	0.379	88.364	88.468	88.813	0.000
0.269	0.276	0.375	88.298	88.568	88.813	0.000
0.245	0.276	0.351	88.264	88.501	88.746	0.000
0.227	0.269	0.344	88.264	88.468	88.847	0.000
0.209	0.269	0.344	88.231	88.400	88.713	0.000
0.203	0.265	0.338	88.231	88.333	88.813	0.000
0.221	0.265	0.341	88.198	88.400	88.579	0.000
0.200	0.258	0.344	88.231	88.367	88.646	0.000
0.200	0.251	0.348	88.198	88.266	88.479	0.000
0.197	0.255	0.358	88.231	88.266	88.412	0.000
0.191	0.262	0.365	88.198	88.166	88.445	0.000
0.188	0.258	0.379	88.132	88.166	88.378	0.000
0.188	0.269	0.389	88.165	88.065	88.412	0.000
0.203	0.265	0.396	88.098	88.065	88.345	0.000
0.200	0.262	0.396	88.032	87.998	88.378	0.000
0.206	0.265	0.396	88.032	88.065	88.311	0.000
0.203	0.255	0.389	88.032	88.032	88.278	0.000
0.200	0.272	0.372	87.965	87.931	88.278	0.000
0.179	0.262	0.358	87.899	87.965	88.244	0.000
0.161	0.265	0.351	87.832	87.965	88.177	0.000
0.141	0.272	0.341	87.766	87.965	88.177	0.000
0.135	0.269	0.334	87.766	87.965	88.211	0.000
0.114	0.262	0.341	87.766	87.998	88.211	0.000
0.087	0.251	0.331	87.733	87.931	88.077	0.000
0.081	0.248	0.351	87.733	87.864	88.110	5.000
0.075	0.244	0.351	87.700	87.831	88.077	0.000
0.093	0.244	0.368	87.700	87.797	88.177	0.000
0.120	0.244	0.372	87.733	87.764	88.077	0.000
0.138	0.248	0.375	87.666	87.730	88.144	0.000
0.161	0.255	0.358	87.600	87.797	88.010	0.000
0.182	0.258	0.351	87.700	87.663	87.976	0.000
0.209	0.248	0.331	87.567	87.663	87.976	0.000
0.236	0.240	0.314	87.666	87.596	87.876	0.000
0.236	0.240	0.290	87.666	87.563	87.909	0.000
0.224	0.233	0.276	87.567	87.529	87.843	0.000
0.188	0.244	0.262	87.567	87.596	87.843	0.000
0.161	0.240	0.245	87.533	87.596	87.876	0.000
0.135	0.251	0.249	87.500	87.462	87.709	0.000
0.108	0.244	0.232	87.434	87.496	87.809	0.000
0.093	0.233	0.245	87.367	87.496	87.675	0.000
0.078	0.237	0.252	87.500	87.462	87.608	0.000
0.075	0.230	0.259	87.400	87.462	87.541	0.000
0.090	0.223	0.273	87.334	87.429	87.642	0.000
0.084	0.219	0.286	87.367	87.395	87.575	0.000
0.078	0.215	0.290	87.400	87.429	87.508	0.000
0.075	0.219	0.297	87.301	87.328	87.508	0.000
0.090	0.223	0.300	87.267	87.395	87.575	0.000
0.099	0.215	0.297	87.267	87.429	87.675	0.000
0.099	0.215	0.276	87.234	87.328	87.608	0.000
0.096	0.215	0.269	87.234	87.194	87.508	0.000
0.072	0.212	0.259	87.234	87.328	87.541	0.000
0.066	0.219	0.266	87.234	87.194	87.608	0.000
0.045	0.219	0.252	87.201	87.161	87.474	0.000
0.024	0.215	0.249	87.234	87.194	87.474	0.000
0.006	0.212	0.252	87.234	87.127	87.374	0.000
-0.005	0.205	0.266	87.234	86.993	87.407	0.000
-0.017	0.198	0.279	87.201	87.094	87.407	0.000
0.001	0.194	0.286	87.201	86.926	87.273	0.000
0.012	0.190	0.293	87.168	86.960	87.307	0.000
0.012	0.180	0.300	87.135	86.960	87.273	0.000
0.030	0.190	0.297	87.168	86.893	87.206	0.000
0.036	0.187	0.283	87.168	86.893	87.073	0.000
0.042	0.198	0.273	87.035	86.825	87.073	0.000
0.033	0.194	0.255	87.068	86.926	87.073	0.000
0.012	0.205	0.242	87.068	86.792	87.039	0.000
-0.014	0.212	0.242	86.935	86.825	86.972	0.000
-0.017	0.208	0.242	86.869	86.792	86.905	0.000
-0.023	0.205	0.259	86.935	86.792	87.039	0.000
-0.023	0.201	0.262	86.902	86.725	86.972	0.000
-0.017	0.212	0.286	86.769	86.691	86.972	0.000
-0.017	0.215	0.314	86.769	86.725	86.905	0.000
-0.014	0.208	0.331	86.736	86.658	86.972	0.000
-0.011	0.201	0.341	86.802	86.691	86.872	0.000
0.001	0.212	0.344	86.736	86.624	86.972	0.000
0.004	0.205	0.351	86.736	86.624	86.939	0.000
0.009	0.212	0.341	86.736	86.490	86.972	0.000
0.009	0.208	0.334	86.736	86.490	86.939	0.000
0.021	0.201	0.320	86.736	86.524	86.872	0.000
0.036	0.190	0.310	86.736	86.490	86.905	0.000
0.039	0.194	0.276	86.736	86.490	86.838	0.000
0.048	0.190	0.262	86.769	86.423	86.838	0.000
0.051	0.201	0.259	86.736	86.457	86.771	0.000
0.063	0.198	0.238	86.736	86.423	86.738	0.000
0.060	0.198	0.242	86.769	86.390	86.637	0.000
0.057	0.194	0.235	86.802	86.289	86.537	0.000
0.057	0.194	0.228	86.769	86.323	86.470	0.000
0.042	0.194	0.238	86.769	86.256	86.436	0.000
0.033	0.201	0.252	86.736	86.356	86.436	0.000
0.036	0.201	0.249	86.802	86.256	86.403	0.000
0.048	0.205	0.262	86.769	86.323	86.503	0.000
0.051	0.201	0.269	86.736	86.356	86.436	0.000
0.057	0.205	0.273	86.736	86.323	86.436	0.000
0.057	0.194	0.269	86.769	86.289	86.470	0.000
0.045	0.201	0.259	86.703	86.256	86.503	0.000
0.033	0.187	0.249	86.736	86.222	86.436	0.000
0.021	0.183	0.228	86.736	86.189	86.436	0.000
0.009	0.190	0.232	86.736	86.122	86.503	0.000
0.004	0.183	0.221	86.736	86.155	86.503	0.000
-0.008	0.187	0.221	86.736	86.088	86.503	0.000
-0.014	0.194	0.225	86.736	86.088	86.503	0.000
-0.014	0.180	0.225	86.703	86.088	86.436	0.000
-0.005	0.187	0.238	86.703	86.055	86.436	0.000
0.006	0.190	0.249	86.703	86.055	86.336	0.000
0.030	0.180	0.266	86.736	85.988	86.403	0.000
0.048	0.176	0.266	86.769	85.954	86.370	0.000
0.063	0.180	0.266	86.736	85.921	86.269	0.000
0.084	0.180	0.269	86.802	85.954	86.236	0.000
0.105	0.180	0.269	86.736	85.887	86.202	0.000
0.126	0.183	0.255	86.736	85.954	86.202	0.000
0.141	0.183	0.255	86.736	85.954	86.135	0.000
0.150	0.194	0.228	86.769	85.921	86.169	0.000
0.147	0.201	0.228	86.802	85.820	86.068	0.000
0.144	0.208	0.221	86.802	85.921	86.102	0.000
0.155	0.194	0.221	86.736	85.887	86.068	0.000
0.158	0.194	0.221	86.736	85.854	86.102	0.000
0.150	0.194	0.228	86.736	85.887	86.068	0.000
0.141	0.194	0.235	86.736	85.887	86.169	0.000
0.117	0.201	0.252	86.736	85.921	86.102	0.000
0.117	0.194	0.266	86.703	85.854	86.169	0.000
0.129	0.187	0.286	86.736	85.854	86.102	0.000
0.153	0.194	0.297	86.736	85.753	86.202	0.000
0.194	0.183	0.303	86.736	85.854	86.169	0.000
0.212	0.187	0.303	86.736	85.753	86.135	0.000
0.227	0.187	0.290	86.736	85.820	86.236	0.000
0.230	0.183	0.273	86.736	85.787	86.068	0.000
0.221	0.194	0.249	86.769	85.787	86.035	0.000
0.227	0.201	0.235	86.869	85.753	86.001	0.000
0.224	0.212	0.221	86.968	85.787	86.035	0.000
0.242	0.226	0.221	87.035	85.720	85.901	0.000
0.263	0.223	0.235	87.234	85.686	85.968	0.000
0.293	0.226	0.238	87.301	85.787	85.867	0.000
0.316	0.230	0.238	87.334	85.686	85.867	0.000
0.340	0.226	0.252	87.434	85.787	85.934	0.000
0.367	0.215	0.249	87.633	85.753	85.934	0.000
0.394	0.215	0.252	87.733	85.820	85.901	0.000
0.424	0.208	0.255	87.932	85.753	85.867	0.000
0.454	0.208	0.249	88.098	85.854	85.934	0.000
0.462	0.208	0.255	88.231	85.753	85.968	0.000
0.480	0.205	0.249	88.431	85.921	86.102	0.000
0.480	0.219	0.242	88.730	85.820	86.102	0.000
0.492	0.212	0.242	88.730	85.988	86.135	0.000
0.495	0.208	0.232	88.996	85.954	86.169	0.000
0.504	0.215	0.228	89.228	86.021	86.269	0.000
0.519	0.212	0.225	89.261	85.921	86.303	0.000
0.558	0.208	0.218	89.660	86.055	86.403	0.000
0.585	0.212	0.211	89.727	86.155	86.403	0.000
0.611	0.208	0.218	89.959	86.122	86.470	0.000
0.626	0.208	0.214	90.192	86.256	86.570	0.000
0.656	0.208	0.228	90.391	86.189	86.503	0.000
0.707	0.205	0.238	90.624	86.390	86.604	0.000
0.757	0.215	0.238	90.724	86.256	86.470	0.000
0.820	0.212	0.242	90.989	86.390	86.671	0.000
0.874	0.212	0.249	91.189	86.490	86.604	0.000
0.918	0.201	0.242	91.421	86.490	86.872	0.000
0.963	0.212	0.228	91.621	86.524	86.805	0.000
1.005	0.212	0.225	91.754	86.557	86.872	0.000
1.041	0.226	0.214	92.086	86.691	86.872	0.000
1.070	0.219	0.214	92.252	86.758	86.905	0.000
1.085	0.230	0.214	92.452	86.859	86.972	0.000
1.109	0.226	0.204	92.684	86.893	87.039	0.000
1.142	0.215	0.218	92.817	87.027	87.173	0.000
1.181	0.212	0.218	93.183	87.127	87.307	0.000
1.237	0.212	0.218	93.316	87.228	87.374	0.000
1.276	0.212	0.221	93.548	87.261	87.441	0.000
1.321	0.215	0.235	93.715	87.429	87.575	0.000
1.377	0.226	0.232	93.980	87.462	87.675	0.000
1.425	0.219	0.245	94.180	87.563	87.876	0.000
1.476	0.226	0.259	94.512	87.764	87.976	0.000
1.526	0.237	0.269	94.711	87.764	88.043	0.000
1.568	0.230	0.276	94.811	87.998	88.177	0.000
1.622	0.237	0.290	95.143	87.998	88.412	0.000
1.657	0.226	0.286	95.376	88.166	88.445	0.000
1.708	0.237	0.297	95.708	88.266	88.445	0.000
1.750	0.237	0.293	95.908	88.400	88.679	0.000
1.792	0.248	0.297	96.307	88.468	88.679	0.000
1.851	0.255	0.290	96.606	88.535	88.880	0.000
1.899	0.251	0.293	96.905	88.769	88.880	0.000
1.970	0.269	0.300	97.337	88.836	88.981	0.000
2.039	0.269	0.314	97.636	89.037	89.315	0.000
2.113	0.280	0.324	98.001	89.238	89.382	0.000
2.197	0.272	0.338	98.301	89.406	89.416	0.000
2.268	0.283	0.348	98.666	89.607	89.684	0.000
2.361	0.280	0.358	99.065	89.741	89.818	0.000
2.456	0.305	0.355	99.530	89.908	89.918	0.000
2.546	0.312	0.368	99.896	90.110	90.119	0.000
2.644	0.326	0.358	100.261	90.378	90.387	0.000
2.730	0.326	0.365	100.693	90.646	90.721	0.000
2.829	0.337	0.355	101.159	90.847	90.922	0.000
2.909	0.351	0.351	101.591	91.048	90.989	0.000
2.978	0.354	0.358	101.989	91.282	91.324	0.000
3.058	0.362	0.362	102.355	91.483	91.458	0.000
3.118	0.365	0.368	102.754	91.852	91.860	0.000
3.201	0.376	0.385	103.186	91.919	91.994	0.000
3.276	0.387	0.403	103.584	92.288	92.328	0.000
3.353	0.394	0.416	103.983	92.522	92.563	0.000
3.446	0.397	0.437	104.183	92.790	92.831	0.000
3.538	0.394	0.444	104.681	93.092	92.964	0.000
3.630	0.404	0.454	105.080	93.394	93.366	0.000
3.714	0.415	0.454	105.379	93.595	93.500	0.000
3.800	0.419	0.454	105.711	93.796	93.902	0.000
3.907	0.436	0.454	106.177	94.164	94.069	0.000
4.012	0.451	0.451	106.509	94.499	94.370	0.000
4.098	0.465	0.451	106.775	94.801	94.672	0.000
4.188	0.472	0.451	107.174	95.002	94.906	0.000
4.253	0.501	0.457	107.539	95.438	95.308	0.000
4.310	0.508	0.464	107.738	95.572	95.509	0.000
4.372	0.522	0.478	108.104	96.041	95.843	0.000
4.417	0.529	0.485	108.436	96.175	96.078	0.000
4.486	0.536	0.509	108.702	96.544	96.413	0.000
4.539	0.543	0.533	109.068	96.946	96.848	0.000
4.617	0.568	0.543	109.167	97.214	97.049	0.000
4.709	0.575	0.570	109.500	97.515	97.450	0.000
4.793	0.572	0.577	109.832	97.750	97.752	0.000
4.885	0.583	0.584	110.031	98.085	98.019	0.000
4.968	0.597	0.608	110.331	98.454	98.388	0.000
5.052	0.618	0.604	110.530	98.688	98.622	0.000
5.138	0.629	0.615	110.663	99.023	98.923	0.000
5.216	0.640	0.625	110.962	99.191	99.325	0.000
5.281	0.657	0.639	111.195	99.526	99.526	0.000
5.347	0.679	0.646	111.460	99.895	99.894	0.000
5.406	0.697	0.649	111.627	100.196	100.296	0.000
5.466	0.711	0.673	111.992	100.598	100.463	0.000
5.520	0.736	0.680	112.125	100.900	100.898	0.000
5.591	0.743	0.704	112.491	101.201	101.066	0.000
5.642	0.771	0.731	112.624	101.503	101.401	0.000
5.693	0.786	0.758	112.889	101.939	101.802	0.000
5.758	0.804	0.796	113.089	102.274	102.137	0.000
5.830	0.811	0.827	113.388	102.642	102.405	0.000
5.901	0.832	0.847	113.587	103.011	102.673	0.000
5.973	0.857	0.882	113.886	103.380	103.007	0.000
6.047	0.875	0.878	114.119	103.715	103.376	0.000
6.119	0.886	0.892	114.418	104.050	103.777	0.000
6.181	0.907	0.895	114.584	104.485	104.112	0.000
6.250	0.932	0.909	114.883	104.821	104.514	0.000
6.295	0.946	0.912	115.149	105.223	104.849	0.000
6.327	0.971	0.930	115.282	105.558	105.150	0.000
6.369	0.996	0.957	115.548	106.027	105.585	0.000
6.408	1.021	0.984	115.648	106.362	105.987	0.000
6.438	1.050	1.015	116.013	106.597	106.255	0.000
6.488	1.071	1.049	116.113	106.965	106.824	0.000
6.512	1.096	1.087	116.346	107.267	106.991	0.000
6.566	1.121	1.128	116.578	107.602	107.426	0.000
6.619	1.139	1.162	116.711	108.105	107.761	0.000
6.667	1.164	1.196	116.944	108.272	108.029	0.000
6.724	1.181	1.227	117.077	108.674	108.397	0.000
6.762	1.199	1.244	117.176	109.009	108.631	0.000
6.804	1.228	1.272	117.442	109.244	108.966	0.000
6.861	1.249	1.292	117.509	109.579	109.368	0.000
6.906	1.271	1.306	117.675	109.814	109.569	0.000
6.950	1.299	1.323	117.808	110.082	109.971	0.000
6.986	1.331	1.337	118.040	110.350	110.071	0.000
7.019	1.356	1.364	118.140	110.584	110.473	0.000
7.028	1.392	1.381	118.140	110.785	110.640	0.000
7.031	1.431	1.402	118.207	111.087	110.975	0.000
7.052	1.467	1.419	118.406	111.322	111.109	0.000
7.052	1.509	1.446	118.506	111.556	111.443	0.000
7.072	1.538	1.484	118.572	111.657	111.644	0.000
7.123	1.577	1.525	118.605	111.958	111.879	0.000
7.141	1.606	1.563	118.605	112.092	112.146	0.000
7.165	1.631	1.604	118.639	112.360	112.414	0.000
7.153	1.659	1.634	118.605	112.595	112.548	0.000
7.162	1.673	1.652	118.639	112.796	112.883	0.000
7.159	1.695	1.669	118.639	112.863	112.950	0.000
7.165	1.720	1.689	118.539	113.165	113.117	0.000
7.177	1.745	1.696	118.572	113.265	113.419	0.000
7.165	1.770	1.710	118.572	113.500	113.519	0.000
7.165	1.798	1.730	118.506	113.600	113.686	0.000
7.156	1.812	1.754	118.472	113.701	113.753	0.000
7.144	1.844	1.778	118.406	113.969	113.921	0.000
7.129	1.866	1.812	118.373	114.036	114.021	0.000
7.111	1.880	1.843	118.240	114.136	113.988	0.000
7.096	1.919	1.888	118.273	114.271	114.322	0.000
7.099	1.944	1.925	118.140	114.505	114.423	0.000
7.108	1.969	1.960	118.074	114.673	114.423	0.000
7.111	2.001	1.994	118.107	114.606	114.490	5.000
7.108	2.012	2.011	117.974	114.740	114.490	0.000
7.102	2.044	2.028	118.007	114.874	114.624	0.000
7.105	2.062	2.052	117.907	115.008	114.791	0.000
7.102	2.080	2.066	117.907	115.075	114.858	0.000
7.090	2.105	2.086	117.741	115.142	114.992	0.000
7.066	2.130	2.117	117.708	115.209	114.925	0.000
7.031	2.144	2.131	117.642	115.343	115.059	0.000
6.998	2.165	2.148	117.575	115.410	115.059	0.000
6.974	2.194	2.165	117.542	115.544	115.159	0.000
6.950	2.222	2.185	117.475	115.477	115.293	0.000
6.938	2.240	2.209	117.309	115.510	115.528	0.000
6.906	2.272	2.244	117.143	115.510	115.427	0.000
6.873	2.294	2.264	117.110	115.577	115.528	0.000
6.861	2.318	2.291	117.110	115.611	115.494	0.000
6.840	2.333	2.309	117.043	115.678	115.528	0.000
6.831	2.340	2.336	116.778	115.678	115.528	0.000
6.813	2.354	2.367	116.678	115.577	115.662	0.000
6.798	2.379	2.384	116.645	115.644	115.528	0.000
6.771	2.397	2.411	116.611	115.611	115.528	0.000
6.736	2.418	2.425	116.412	115.577	115.494	0.000
6.706	2.443	2.445	116.146	115.544	115.561	0.000
6.658	2.472	2.452	116.146	115.443	115.528	0.000
6.622	2.490	2.459	116.046	115.477	115.461	0.000
6.599	2.507	2.483	115.781	115.443	115.461	0.000
6.563	2.529	2.490	115.648	115.443	115.360	0.000
6.533	2.557	2.510	115.648	115.309	115.226	0.000
6.488	2.561	2.541	115.382	115.209	115.159	0.000
6.458	2.572	2.569	115.149	115.142	115.059	0.000
6.441	2.593	2.603	115.116	115.075	114.959	0.000
6.423	2.614	2.627	114.717	114.941	114.959	0.000
6.399	2.625	2.654	114.651	114.941	114.925	0.000
6.357	2.639	2.668	114.385	114.807	114.758	0.000
6.324	2.646	2.668	114.152	114.606	114.657	0.000
6.301	2.661	2.682	113.986	114.673	114.590	0.000
6.274	2.668	2.688	113.720	114.505	114.490	0.000
6.256	2.675	2.688	113.488	114.472	114.423	0.000
6.208	2.678	2.702	113.155	114.271	114.256	0.000
6.155	2.693	2.702	113.089	114.170	114.122	0.000
6.116	2.696	2.706	112.690	114.069	113.988	0.000
6.062	2.711	2.726	112.557	113.969	113.954	0.000
6.020	2.728	2.740	112.158	113.801	113.854	0.000
5.985	2.743	2.753	112.059	113.634	113.552	0.000
5.949	2.750	2.771	111.660	113.634	113.486	0.000
5.934	2.750	2.794	111.593	113.433	113.419	0.000
5.907	2.760	2.808	111.161	113.198	113.251	0.000
5.904	2.764	2.815	111.128	113.064	113.117	0.000
5.886	2.760	2.812	110.696	112.964	112.950	0.000
5.862	2.764	2.805	110.596	112.930	112.783	0.000
5.827	2.760	2.794	110.231	112.696	112.615	0.000
5.794	2.750	2.784	110.164	112.528	112.448	0.000
5.767	2.753	2.764	109.899	112.394	112.381	0.000
5.737	2.757	2.753	109.666	112.327	112.280	0.000
5.690	2.750	2.757	109.433	112.159	112.046	0.000
5.645	2.746	2.757	109.234	112.092	111.946	0.000
5.594	2.743	2.764	109.035	111.891	111.946	0.000
5.550	2.743	2.771	108.735	111.891	111.745	0.000
5.508	2.746	2.777	108.669	111.556	111.745	0.000
5.457	2.746	2.788	108.370	111.556	111.577	0.000
5.412	2.750	2.794	108.170	111.389	111.510	0.000
5.380	2.743	2.798	108.004	111.322	111.477	0.000
5.362	2.728	2.788	107.738	111.255	111.310	0.000
5.335	2.718	2.788	107.672	111.087	111.343	0.000
5.296	2.711	2.794	107.606	111.020	111.243	0.000
5.255	2.696	2.774	107.340	110.919	111.008	0.000
5.228	2.689	2.764	107.174	110.752	111.008	0.000
5.198	2.693	2.753	107.041	110.685	110.874	0.000
5.186	2.693	2.736	106.808	110.517	110.874	0.000
5.156	2.675	2.719	106.642	110.517	110.640	0.000
5.126	2.668	2.699	106.609	110.383	110.473	0.000
5.091	2.646	2.685	106.476	110.149	110.473	0.000
5.040	2.632	2.671	106.276	110.182	110.372	0.000
4.995	2.618	2.658	106.177	109.981	110.372	0.000
4.945	2.607	2.654	106.010	109.981	110.104	0.000
4.885	2.593	2.654	105.811	109.814	109.937	0.000
4.849	2.579	2.664	105.711	109.747	109.971	0.000
4.805	2.579	2.668	105.612	109.646	109.870	0.000
4.775	2.564	2.678	105.445	109.579	109.870	0.000
4.736	2.561	2.668	105.180	109.512	109.703	0.000
4.700	2.547	2.651	105.180	109.445	109.636	0.000
4.664	2.539	2.630	104.914	109.378	109.535	0.000
4.635	2.525	2.613	104.714	109.344	109.468	0.000
4.593	2.515	2.575	104.681	109.244	109.468	0.000
4.551	2.497	2.541	104.548	109.076	109.435	0.000
4.492	2.482	2.517	104.216	109.043	109.368	0.000
4.450	2.461	2.497	104.183	109.009	109.268	0.000
4.402	2.450	2.476	104.050	108.875	109.134	0.000
4.366	2.443	2.476	103.717	108.708	109.167	0.000
4.331	2.415	2.452	103.684	108.641	109.067	0.000
4.304	2.400	2.452	103.551	108.574	108.966	0.000
4.280	2.376	2.445	103.186	108.473	108.899	0.000
4.259	2.354	2.442	103.186	108.440	108.933	0.000
4.235	2.329	2.435	103.086	108.373	108.732	0.000
4.214	2.308	2.428	102.754	108.239	108.564	0.000
4.208	2.286	2.404	102.687	108.239	108.564	0.000
4.200	2.261	2.391	102.654	108.105	108.464	0.000
4.197	2.244	2.356	102.355	108.004	108.464	0.000
4.173	2.215	2.336	102.189	108.038	108.464	0.000
4.143	2.197	2.309	102.155	107.904	108.330	0.000
4.098	2.187	2.291	102.089	107.937	108.129	0.000
4.062	2.169	2.274	101.856	107.837	108.062	0.000
4.024	2.158	2.261	101.690	107.770	108.029	0.000
3.982	2.151	2.254	101.624	107.635	108.029	0.000
3.952	2.144	2.230	101.591	107.602	107.995	0.000
3.913	2.126	2.226	101.358	107.635	107.995	0.000
3.881	2.126	2.213	101.258	107.535	107.962	0.000
3.854	2.094	2.192	101.125	107.568	107.995	0.000
3.824	2.080	2.179	101.125	107.501	107.928	0.000
3.815	2.055	2.165	100.793	107.434	107.928	0.000
3.770	2.030	2.137	100.760	107.401	107.928	0.000
3.732	2.019	2.114	100.726	107.468	107.895	0.000
3.687	1.994	2.096	100.693	107.401	107.828	0.000
3.639	1.966	2.062	100.627	107.367	107.828	0.000
3.586	1.941	2.021	100.427	107.334	107.761	0.000
3.526	1.912	1.990	100.328	107.267	107.728	0.000
3.478	1.891	1.966	100.294	107.300	107.661	0.000
3.428	1.862	1.942	100.294	107.233	107.527	0.000
3.386	1.844	1.925	100.195	107.166	107.627	0.000
3.332	1.819	1.901	100.228	107.133	107.493	0.000
3.308	1.787	1.884	100.162	107.066	107.460	0.000
3.252	1.784	1.881	100.162	107.099	107.493	0.000
3.216	1.766	1.874	100.128	107.066	107.393	0.000
3.177	1.752	1.874	100.128	107.066	107.460	0.000
3.136	1.734	1.860	100.128	106.965	107.426	0.000
3.094	1.720	1.850	100.062	106.932	107.292	0.000
3.046	1.698	1.833	100.029	106.965	107.259	0.000
3.010	1.673	1.816	99.962	106.965	107.326	0.000
2.966	1.652	1.785	99.896	106.898	107.259	0.000
2.927	1.623	1.758	99.896	106.831	107.292	0.000
2.888	1.602	1.723	99.862	106.731	107.225	0.000
2.835	1.563	1.686	99.763	106.798	107.225	0.000
2.784	1.541	1.658	99.730	106.697	107.092	0.000
2.730	1.513	1.638	99.663	106.597	107.158	0.000
2.683	1.484	1.617	99.663	106.630	107.125	0.000
2.623	1.467	1.597	99.696	106.563	107.058	0.000
2.560	1.442	1.593	99.630	106.496	106.958	0.000
2.516	1.420	1.569	99.630	106.429	106.958	0.000
2.462	1.402	1.556	99.630	106.429	106.924	0.000
2.435	1.385	1.549	99.497	106.362	106.824	0.000
2.408	1.356	1.539	99.464	106.362	106.757	0.000
2.373	1.345	1.528	99.397	106.161	106.656	0.000
2.346	1.335	1.498	99.364	106.195	106.589	0.000
2.319	1.313	1.470	99.231	106.027	106.522	0.000
2.292	1.303	1.453	99.264	106.094	106.489	0.000
2.268	1.285	1.422	99.231	105.960	106.455	0.000
2.215	1.285	1.388	99.165	106.027	106.422	0.000
2.170	1.263	1.361	99.131	105.893	106.322	0.000
2.110	1.246	1.340	99.098	105.826	106.188	0.000
2.063	1.224	1.323	98.965	105.826	106.154	0.000
2.021	1.203	1.323	98.932	105.692	106.087	0.000
1.964	1.185	1.309	98.865	105.658	106.020	0.000
1.899	1.160	1.313	98.766	105.625	106.020	0.000
1.854	1.149	1.316	98.699	105.625	105.953	0.000
1.798	1.132	1.299	98.666	105.524	105.987	0.000
1.765	1.114	1.282	98.566	105.491	105.920	0.000
1.735	1.096	1.272	98.467	105.457	105.953	0.000
1.699	1.085	1.248	98.301	105.357	105.853	0.000
1.657	1.060	1.214	98.234	105.357	105.686	0.000
1.598	1.050	1.179	98.234	105.223	105.686	0.000
1.538	1.028	1.155	98.201	105.089	105.585	0.000
1.464	1.010	1.138	98.201	105.022	105.451	0.000
1.416	0.996	1.111	98.101	104.921	105.418	0.000
1.365	0.978	1.097	98.068	104.854	105.384	0.000
1.306	0.968	1.073	98.101	104.687	105.317	0.000
1.264	0.943	1.063	98.001	104.620	105.083	0.000
1.210	0.921	1.046	97.968	104.687	105.016	0.000
1.163	0.911	1.036	97.835	104.586	104.949	0.000
1.124	0.889	1.025	97.869	104.552	104.916	0.000
1.073	0.882	1.022	97.802	104.351	104.815	0.000
1.041	0.868	1.019	97.769	104.351	104.681	0.000
0.999	0.853	1.005	97.669	104.251	104.614	0.000
0.951	0.832	0.981	97.636	104.217	104.514	0.000
0.906	0.821	0.954	97.536	104.083	104.413	0.000
0.874	0.811	0.930	97.536	104.050	104.380	0.000
0.844	0.796	0.906	97.503	104.016	104.346	0.000
0.808	0.768	0.871	97.536	103.916	104.346	0.000
0.781	0.747	0.844	97.403	103.815	104.146	0.000
0.743	0.736	0.810	97.337	103.715	104.179	0.000
0.692	0.722	0.793	97.270	103.648	104.112	0.000
0.644	0.693	0.769	97.237	103.648	103.978	0.000
0.594	0.672	0.755	97.204	103.447	104.012	0.000
0.531	0.657	0.728	97.204	103.380	103.878	0.000
0.480	0.632	0.735	97.204	103.313	103.777	0.000
0.439	0.632	0.728	97.071	103.212	103.710	0.000
0.403	0.615	0.721	97.071	103.112	103.610	0.000
0.358	0.600	0.724	97.038	102.978	103.576	0.000
0.325	0.586	0.728	96.938	102.944	103.409	0.000
0.293	0.568	0.724	96.838	102.910	103.275	0.000
0.257	0.543	0.714	96.838	102.743	103.309	0.000
0.227	0.518	0.700	96.838	102.676	103.007	0.000
0.194	0.501	0.663	96.838	102.609	103.007	0.000
0.153	0.472	0.635	96.739	102.542	102.907	0.000
0.087	0.465	0.611	96.739	102.408	102.840	0.000
0.015	0.451	0.584	96.672	102.274	102.706	0.000
-0.053	0.444	0.553	96.572	102.173	102.572	0.000
-0.101	0.429	0.543	96.539	102.106	102.505	0.000
-0.148	0.422	0.522	96.473	102.039	102.405	0.000
-0.193	0.397	0.529	96.340	101.872	102.505	0.000
-0.220	0.387	0.519	96.240	101.838	102.304	0.000
-0.244	0.369	0.519	96.174	101.704	102.237	0.000
-0.259	0.354	0.509	96.107	101.637	102.204	0.000
-0.283	0.344	0.495	95.974	101.537	102.104	0.000
-0.309	0.330	0.492	95.841	101.436	102.104	0.000
-0.345	0.319	0.451	95.841	101.369	101.970	0.000
-0.396	0.308	0.440	95.708	101.235	101.903	0.000
-0.444	0.297	0.416	95.708	101.201	101.735	0.000
-0.467	0.280	0.389	95.642	101.101	101.735	0.000
-0.503	0.269	0.372	95.576	101.034	101.668	0.000
-0.545	0.269	0.362	95.476	100.866	101.568	0.000
-0.578	0.248	0.351	95.376	100.766	101.401	0.000
-0.619	0.237	0.348	95.343	100.632	101.200	0.000
-0.646	0.212	0.331	95.210	100.598	101.200	0.000
-0.682	0.205	0.334	95.210	100.531	100.999	0.000
-0.718	0.198	0.320	95.210	100.464	100.965	0.000
-0.747	0.180	0.317	95.210	100.330	100.798	0.000
-0.765	0.162	0.300	95.210	100.196	100.798	0.000
-0.780	0.155	0.290	95.177	100.196	100.564	0.000
-0.804	0.137	0.279	95.177	100.062	100.497	0.000
-0.834	0.126	0.266	95.210	99.962	100.530	0.000
-0.873	0.112	0.235	95.077	99.861	100.463	0.000
-0.882	0.091	0.214	95.143	99.828	100.296	0.000
-0.908	0.076	0.184	95.044	99.727	100.396	0.000
-0.932	0.066	0.160	95.143	99.727	100.162	0.000
-0.962	0.055	0.132	95.077	99.660	100.128	0.000
-0.998	0.048	0.119	95.077	99.526	100.128	0.000
-1.025	0.030	0.105	95.110	99.492	99.994	0.000
-1.057	0.012	0.088	95.210	99.358	99.994	0.000
-1.081	-0.009	0.084	95.110	99.358	99.794	0.000
-1.093	-0.023	0.074	95.177	99.224	99.861	0.000
-1.102	-0.048	0.071	95.210	99.090	99.727	0.000
-1.111	-0.052	0.078	95.210	99.090	99.626	0.000
-1.096	-0.073	0.067	95.210	99.057	99.526	0.000
-1.111	-0.091	0.054	95.210	98.889	99.492	0.000
-1.111	-0.105	0.033	95.243	98.956	99.425	0.000
-1.126	-0.123	0.009	95.276	98.755	99.358	0.000
-1.138	-0.134	-0.018	95.343	98.688	99.191	0.000
-1.144	-0.152	-0.053	95.476	98.655	99.124	0.000
-1.171	-0.159	-0.087	95.443	98.621	98.923	0.000
-1.215	-0.162	-0.104	95.609	98.521	98.957	0.000
-1.251	-0.162	-0.118	95.642	98.454	98.923	0.000
-1.284	-0.166	-0.124	95.708	98.420	98.856	0.000
-1.320	-0.173	-0.128	95.642	98.219	98.756	0.000
-1.344	-0.187	-0.131	95.675	98.152	98.722	0.000
-1.370	-0.202	-0.135	95.708	98.085	98.722	0.000
-1.385	-0.205	-0.135	95.708	98.085	98.522	0.000
-1.409	-0.216	-0.135	95.708	97.951	98.488	0.000
-1.394	-0.227	-0.131	95.708	97.951	98.488	0.000
-1.391	-0.259	-0.141	95.708	97.817	98.522	0.000
-1.382	-0.266	-0.148	95.708	97.850	98.455	0.000
-1.391	-0.276	-0.155	95.742	97.649	98.354	0.000
-1.403	-0.298	-0.172	95.708	97.582	98.388	5.000
-1.406	-0.312	-0.196	95.775	97.582	98.254	0.000
-1.412	-0.330	-0.213	95.775	97.582	98.287	0.000
-1.430	-0.344	-0.237	95.742	97.549	98.120	0.000
-1.448	-0.366	-0.258	95.775	97.482	98.086	0.000
-1.472	-0.369	-0.275	95.808	97.482	97.919	0.000
-1.481	-0.387	-0.285	95.775	97.381	97.952	0.000
-1.484	-0.394	-0.292	95.775	97.247	97.919	0.000
-1.510	-0.415	-0.299	95.775	97.180	97.952	0.000
-1.534	-0.412	-0.292	95.841	97.180	97.819	0.000
-1.552	-0.433	-0.292	95.908	97.080	97.651	0.000
-1.552	-0.423	-0.299	96.008	97.013	97.584	0.000
-1.528	-0.426	-0.289	96.008	97.080	97.450	0.000
-1.519	-0.426	-0.299	96.041	96.979	97.484	0.000
-1.507	-0.408	-0.302	96.074	97.013	97.417	0.000
-1.507	-0.423	-0.302	96.107	96.912	97.417	0.000
-1.493	-0.423	-0.323	96.174	96.912	97.383	0.000
-1.481	-0.448	-0.343	96.207	96.745	97.316	0.000
-1.466	-0.451	-0.367	96.240	96.745	97.283	0.000
-1.463	-0.472	-0.391	96.240	96.711	97.249	0.000
-1.460	-0.483	-0.419	96.340	96.678	97.216	0.000
-1.466	-0.480	-0.429	96.406	96.678	97.116	0.000
-1.469	-0.497	-0.422	96.440	96.644	97.216	0.000
-1.481	-0.494	-0.419	96.606	96.678	97.082	0.000
-1.478	-0.505	-0.402	96.672	96.544	97.149	0.000
-1.475	-0.497	-0.388	96.672	96.544	97.182	0.000
-1.463	-0.508	-0.384	96.705	96.611	97.082	0.000
-1.430	-0.505	-0.395	96.838	96.544	97.116	0.000
-1.409	-0.515	-0.391	96.938	96.577	97.116	0.000
-1.376	-0.515	-0.408	97.171	96.544	96.982	0.000
-1.361	-0.526	-0.429	97.204	96.544	97.049	0.000
-1.352	-0.530	-0.446	97.204	96.577	96.948	0.000
-1.352	-0.537	-0.460	97.370	96.544	96.948	0.000
-1.358	-0.537	-0.484	97.470	96.577	96.948	0.000
-1.370	-0.547	-0.491	97.702	96.577	96.915	0.000
-1.376	-0.551	-0.508	97.736	96.510	96.915	0.000
-1.379	-0.547	-0.508	97.736	96.577	96.881	0.000
-1.385	-0.554	-0.518	97.902	96.510	96.915	0.000
-1.385	-0.569	-0.508	98.201	96.544	96.915	0.000
-1.385	-0.565	-0.504	98.201	96.544	96.915	0.000
-1.376	-0.572	-0.494	98.201	96.611	96.881	0.000
-1.358	-0.579	-0.487	98.267	96.577	96.915	0.000
-1.335	-0.594	-0.477	98.367	96.544	96.915	0.000
-1.305	-0.576	-0.473	98.600	96.577	96.948	0.000
-1.269	-0.590	-0.477	98.699	96.510	96.982	0.000
-1.239	-0.587	-0.480	98.699	96.611	97.049	0.000
-1.230	-0.587	-0.480	98.699	96.577	97.015	0.000
-1.209	-0.587	-0.491	98.699	96.644	97.149	0.000
-1.197	-0.597	-0.501	98.733	96.678	97.149	0.000
-1.195	-0.594	-0.518	98.899	96.678	97.116	0.000
-1.206	-0.594	-0.525	99.032	96.711	97.182	0.000
-1.209	-0.594	-0.552	99.098	96.678	97.149	0.000
-1.197	-0.590	-0.562	99.098	96.678	97.116	0.000
-1.200	-0.597	-0.579	99.165	96.711	97.249	0.000
-1.183	-0.587	-0.583	99.198	96.812	97.149	0.000
-1.171	-0.597	-0.573	99.198	96.711	97.182	0.000
-1.162	-0.590	-0.556	99.198	96.711	97.116	0.000
-1.162	-0.597	-0.538	99.198	96.678	97.149	0.000
-1.132	-0.597	-0.521	99.198	96.778	97.082	0.000
-1.120	-0.597	-0.508	99.231	96.644	97.182	0.000
-1.081	-0.604	-0.511	99.231	96.745	97.049	0.000
-1.051	-0.594	-0.525	99.298	96.644	97.116	0.000
-1.007	-0.579	-0.535	99.397	96.778	97.182	0.000
-0.974	-0.565	-0.552	99.231	96.711	97.049	0.000
-0.968	-0.572	-0.573	99.331	96.778	97.182	0.000
-0.959	-0.569	-0.583	99.364	96.745	96.982	0.000
-0.980	-0.569	-0.583	99.430	96.812	97.149	0.000
-0.998	-0.569	-0.576	99.464	96.812	97.149	0.000
-0.998	-0.565	-0.576	99.497	96.812	97.182	0.000
-1.007	-0.569	-0.552	99.497	96.812	97.149	0.000
-1.022	-0.558	-0.545	99.563	96.879	97.216	0.000
-1.031	-0.558	-0.518	99.563	96.912	97.182	0.000
-1.031	-0.551	-0.497	99.597	96.879	97.283	0.000
-1.013	-0.551	-0.480	99.563	97.013	97.283	0.000
-0.989	-0.540	-0.467	99.597	96.879	97.316	0.000
-0.965	-0.533	-0.463	99.663	96.979	97.350	0.000
-0.938	-0.530	-0.463	99.696	96.979	97.350	0.000
-0.911	-0.526	-0.456	99.696	96.979	97.350	0.000
-0.882	-0.522	-0.460	99.696	97.013	97.417	0.000
-0.846	-0.526	-0.456	99.730	96.912	97.417	0.000
-0.819	-0.526	-0.463	99.730	97.013	97.316	0.000
-0.813	-0.522	-0.460	99.763	97.046	97.417	0.000
-0.798	-0.519	-0.449	99.796	97.046	97.383	0.000
-0.765	-0.508	-0.456	99.862	97.113	97.383	0.000
-0.742	-0.497	-0.449	99.995	97.080	97.417	0.000
-0.727	-0.497	-0.443	100.128	97.080	97.417	0.000
-0.709	-0.472	-0.429	100.195	97.080	97.450	0.000
-0.679	-0.472	-0.422	100.162	97.180	97.417	0.000
-0.649	-0.465	-0.405	100.195	97.080	97.417	0.000
-0.613	-0.451	-0.405	100.195	97.247	97.383	0.000
-0.590	-0.440	-0.395	100.228	97.214	97.417	0.000
-0.566	-0.437	-0.381	100.261	97.247	97.417	0.000
-0.572	-0.419	-0.384	100.261	97.348	97.450	0.000
-0.554	-0.408	-0.388	100.361	97.281	97.450	0.000
-0.545	-0.383	-0.388	100.427	97.314	97.450	0.000
-0.536	-0.387	-0.405	100.427	97.348	97.618	0.000
-0.542	-0.383	-0.412	100.394	97.348	97.551	0.000
-0.545	-0.380	-0.412	100.427	97.314	97.584	0.000
-0.527	-0.373	-0.405	100.394	97.381	97.618	0.000
-0.527	-0.376	-0.391	100.361	97.348	97.685	0.000
-0.527	-0.373	-0.388	100.361	97.348	97.651	0.000
-0.530	-0.366	-0.374	100.427	97.314	97.651	0.000
-0.530	-0.373	-0.350	100.494	97.314	97.819	0.000
-0.509	-0.362	-0.343	100.427	97.381	97.618	0.000
-0.500	-0.358	-0.316	100.361	97.281	97.752	0.000
-0.482	-0.355	-0.309	100.394	97.314	97.584	0.000
-0.464	-0.351	-0.299	100.427	97.314	97.584	0.000
-0.449	-0.348	-0.309	100.361	97.214	97.551	0.000
-0.435	-0.330	-0.295	100.494	97.147	97.517	0.000
-0.399	-0.323	-0.309	100.361	97.180	97.551	0.000
-0.390	-0.312	-0.309	100.361	97.113	97.417	0.000
-0.360	-0.305	-0.323	100.328	97.147	97.450	0.000
-0.363	-0.287	-0.330	100.328	97.080	97.417	0.000
-0.339	-0.269	-0.319	100.294	97.180	97.450	0.000
-0.330	-0.259	-0.306	100.261	97.080	97.417	0.000
-0.333	-0.251	-0.302	100.162	97.113	97.417	0.000
-0.333	-0.244	-0.295	100.228	97.046	97.383	0.000
-0.342	-0.227	-0.272	100.162	97.080	97.417	0.000
-0.348	-0.212	-0.265	100.162	97.046	97.383	0.000
-0.324	-0.205	-0.254	100.095	97.013	97.417	0.000
-0.312	-0.209	-0.248	100.062	97.080	97.383	0.000
-0.289	-0.198	-0.230	100.095	97.013	97.383	0.000
-0.283	-0.194	-0.220	99.962	97.013	97.350	0.000
-0.283	-0.191	-0.213	99.896	97.013	97.350	0.000
-0.271	-0.180	-0.196	99.796	97.080	97.383	0.000
-0.259	-0.184	-0.200	99.763	96.946	97.283	0.000
-0.244	-0.173	-0.193	99.730	97.046	97.350	0.000
-0.238	-0.173	-0.193	99.696	96.912	97.216	0.000
-0.241	-0.152	-0.196	99.696	96.979	97.249	0.000
-0.229	-0.145	-0.203	99.696	96.912	97.116	0.000
-0.214	-0.130	-0.200	99.696	96.845	97.049	0.000
-0.199	-0.112	-0.193	99.696	97.013	97.049	0.000
-0.187	-0.109	-0.179	99.696	96.879	96.982	0.000
-0.181	-0.088	-0.148	99.696	97.013	96.948	0.000
-0.175	-0.084	-0.128	99.696	96.845	97.015	0.000
-0.166	-0.070	-0.087	99.696	96.979	96.948	0.000
-0.169	-0.066	-0.076	99.696	96.812	96.948	0.000
-0.163	-0.052	-0.063	99.730	96.979	96.915	0.000
-0.146	-0.038	-0.042	99.696	96.879	96.881	0.000
-0.119	-0.023	-0.042	99.696	96.879	96.915	0.000
-0.095	-0.016	-0.046	99.696	96.845	96.848	0.000
-0.068	-0.009	-0.059	99.663	96.812	96.915	0.000
-0.062	-0.006	-0.066	99.663	96.879	96.915	0.000
-0.059	-0.006	-0.080	99.630	96.778	96.948	0.000
-0.053	0.002	-0.070	99.597	96.812	96.881	0.000
-0.056	0.009	-0.066	99.530	96.711	96.948	0.000
-0.053	0.030	-0.049	99.464	96.812	96.948	0.000
-0.056	0.044	-0.029	99.497	96.678	96.948	0.000
-0.053	0.044	-0.001	99.430	96.711	96.948	0.000
-0.047	0.048	0.023	99.331	96.711	96.915	0.000
-0.035	0.059	0.043	99.231	96.711	96.982	0.000
-0.011	0.073	0.060	99.231	96.711	96.848	0.000
0.012	0.084	0.074	99.231	96.611	96.814	0.000
0.027	0.098	0.071	99.231	96.577	96.747	0.000
0.045	0.098	0.078	99.198	96.510	96.781	0.000
0.063	0.123	0.067	99.198	96.510	96.580	0.000
0.087	0.123	0.071	99.198	96.476	96.613	0.000
0.111	0.126	0.074	99.198	96.443	96.546	0.000
0.120	0.123	0.078	99.165	96.342	96.446	0.000
0.138	0.123	0.078	99.165	96.476	96.446	0.000
0.144	0.130	0.084	99.098	96.309	96.413	0.000
0.150	0.137	0.084	99.098	96.342	96.446	0.000
0.150	0.141	0.091	98.998	96.309	96.379	0.000
0.150	0.151	0.101	98.899	96.175	96.413	0.000
0.147	0.158	0.112	98.932	96.108	96.413	0.000
0.153	0.155	0.125	98.799	96.108	96.413	0.000
0.161	0.169	0.132	98.699	96.108	96.312	0.000
0.167	0.180	0.153	98.666	96.175	96.312	0.000
0.179	0.180	0.149	98.666	96.041	96.312	0.000
0.182	0.198	0.153	98.699	96.108	96.145	0.000
0.197	0.208	0.156	98.600	96.108	96.279	0.000
0.215	0.215	0.160	98.500	96.074	96.245	0.000
0.224	0.212	0.139	98.433	95.974	96.346	0.000
0.242	0.244	0.139	98.301	96.041	96.212	0.000
0.227	0.237	0.139	98.267	96.007	96.111	0.000
0.230	0.240	0.139	98.201	95.940	96.178	0.000
0.227	0.248	0.143	98.201	95.907	96.011	0.000
0.233	0.255	0.160	98.201	95.873	95.977	0.000
0.230	0.262	0.177	98.201	95.773	95.910	0.000
0.230	0.258	0.201	98.201	95.806	95.944	0.000
0.236	0.255	0.225	98.201	95.706	95.910	0.000
0.251	0.262	0.242	98.201	95.773	95.810	0.000
0.257	0.280	0.249	98.201	95.672	95.910	0.000
0.275	0.283	0.262	98.134	95.639	95.810	0.000
0.287	0.297	0.252	98.035	95.672	95.843	0.000
0.304	0.312	0.252	98.001	95.639	95.676	0.000
0.325	0.326	0.249	97.902	95.773	95.743	0.000
0.337	0.340	0.238	97.869	95.605	95.810	0.000
0.355	0.362	0.235	97.769	95.672	95.676	0.000
0.352	0.365	0.228	97.736	95.572	95.743	0.000
0.349	0.365	0.228	97.702	95.639	95.743	0.000
0.352	0.372	0.238	97.702	95.538	95.743	0.000
0.343	0.372	0.255	97.702	95.538	95.676	0.000
0.340	0.379	0.273	97.669	95.538	95.743	0.000
0.349	0.383	0.297	97.636	95.538	95.643	0.000
0.337	0.379	0.327	97.603	95.438	95.576	0.000
0.358	0.397	0.338	97.437	95.471	95.709	0.000
0.379	0.387	0.351	97.304	95.371	95.709	0.000
0.397	0.394	0.362	97.270	95.270	95.643	0.000
0.415	0.390	0.362	97.270	95.337	95.542	0.000
0.418	0.401	0.365	97.204	95.337	95.475	0.000
0.442	0.394	0.355	97.204	95.304	95.442	0.000
0.445	0.411	0.351	97.204	95.237	95.408	0.000
0.445	0.411	0.341	97.204	95.203	95.408	0.000
0.430	0.419	0.338	97.171	95.170	95.308	0.000
0.427	0.426	0.338	97.171	95.103	95.341	0.000
0.421	0.429	0.344	97.137	95.036	95.174	0.000
0.415	0.440	0.351	97.104	95.036	95.274	0.000
0.409	0.444	0.365	97.104	95.002	95.107	0.000
0.388	0.447	0.385	97.004	95.002	95.140	0.000
0.382	0.451	0.406	96.905	95.069	95.040	0.000
0.394	0.465	0.430	96.772	95.069	95.006	0.000
0.409	0.476	0.447	96.739	95.002	95.040	0.000
0.430	0.476	0.444	96.705	94.901	95.040	0.000
0.451	0.479	0.457	96.705	94.935	95.006	0.000
0.468	0.483	0.457	96.705	94.901	95.006	0.000
0.486	0.479	0.451	96.639	94.935	95.006	0.000
0.501	0.486	0.437	96.606	94.834	94.973	0.000
0.507	0.497	0.427	96.539	94.901	95.006	0.000
0.501	0.497	0.406	96.373	94.834	94.973	0.000
0.495	0.497	0.399	96.307	94.734	94.839	0.000
0.474	0.501	0.406	96.240	94.734	94.906	0.000
0.477	0.501	0.416	96.207	94.633	94.873	0.000
0.465	0.504	0.433	96.240	94.600	94.839	0.000
0.468	0.515	0.457	96.207	94.566	94.772	0.000
0.480	0.515	0.485	96.207	94.566	94.739	0.000
0.486	0.518	0.498	96.140	94.566	94.672	0.000
0.498	0.522	0.522	96.140	94.499	94.605	0.000
0.495	0.522	0.522	96.140	94.399	94.471	0.000
0.516	0.529	0.526	96.140	94.499	94.471	0.000
0.516	0.533	0.526	96.008	94.432	94.404	0.000
0.519	0.533	0.519	95.974	94.365	94.437	0.000
0.528	0.540	0.516	95.908	94.298	94.404	0.000
0.546	0.547	0.505	95.875	94.265	94.370	0.000
0.549	0.540	0.502	95.775	94.231	94.404	0.000
0.546	0.543	0.495	95.742	94.365	94.404	0.000
0.558	0.551	0.492	95.708	94.231	94.370	0.000
0.564	0.543	0.488	95.675	94.265	94.370	0.000
0.564	0.554	0.474	95.708	94.231	94.404	0.000
0.573	0.551	0.481	95.642	94.164	94.337	0.000
0.567	0.551	0.481	95.409	94.131	94.370	0.000
0.564	0.561	0.495	95.376	94.164	94.337	0.000
0.567	0.561	0.505	95.243	94.198	94.370	0.000
0.582	0.565	0.512	95.243	94.097	94.337	0.000
0.600	0.579	0.519	95.210	93.997	94.337	0.000
0.603	0.575	0.533	95.210	93.963	94.270	0.000
0.608	0.579	0.536	95.210	93.963	94.170	0.000
0.617	0.586	0.539	95.210	93.896	94.103	0.000
0.629	0.575	0.529	95.177	93.930	94.036	0.000
0.629	0.597	0.529	95.110	93.796	94.036	0.000
0.647	0.590	0.522	95.143	93.896	93.902	5.000
0.647	0.583	0.519	95.077	93.695	93.935	0.000
0.650	0.593	0.516	94.977	93.762	93.868	0.000
0.647	0.590	0.512	94.944	93.662	93.835	0.000
0.632	0.597	0.512	95.011	93.662	93.902	0.000
0.611	0.590	0.522	94.844	93.628	93.835	0.000
0.585	0.597	0.529	94.811	93.662	93.734	0.000
0.576	0.597	0.550	94.778	93.662	93.768	0.000
0.576	0.600	0.570	94.711	93.662	93.801	0.000
0.585	0.600	0.570	94.711	93.628	93.667	0.000
0.600	0.604	0.584	94.711	93.561	93.701	0.000
0.611	0.600	0.587	94.645	93.595	93.634	0.000
0.641	0.597	0.581	94.545	93.494	93.701	0.000
0.668	0.597	0.567	94.579	93.561	93.667	0.000
0.692	0.590	0.550	94.412	93.461	93.667	0.000
0.692	0.604	0.539	94.346	93.528	93.500	0.000
0.683	0.615	0.533	94.279	93.461	93.734	0.000
0.677	0.618	0.533	94.246	93.427	93.534	0.000
0.662	0.608	0.522	94.213	93.461	93.567	0.000
0.656	0.615	0.522	94.180	93.360	93.467	0.000
0.650	0.608	0.533	94.213	93.360	93.433	0.000
0.647	0.618	0.550	94.213	93.293	93.400	0.000
0.650	0.622	0.553	94.147	93.226	93.400	0.000
0.665	0.611	0.567	94.147	93.226	93.333	0.000
0.677	0.625	0.567	93.980	93.192	93.400	0.000
0.704	0.611	0.581	94.014	93.192	93.366	0.000
0.725	0.615	0.581	94.014	93.125	93.165	0.000
0.749	0.600	0.584	93.980	92.991	93.232	0.000
0.772	0.611	0.570	93.847	93.025	93.098	0.000
0.781	0.611	0.563	93.814	93.025	93.065	0.000
0.784	0.618	0.563	93.748	93.025	92.964	0.000
0.784	0.618	0.560	93.715	92.991	93.031	0.000
0.769	0.618	0.560	93.715	92.958	92.964	0.000
0.749	0.611	0.574	93.715	92.991	92.998	0.000
0.737	0.618	0.574	93.715	93.025	93.031	0.000
0.725	0.625	0.587	93.715	92.958	92.998	0.000
0.716	0.625	0.604	93.681	92.958	92.964	0.000
0.707	0.622	0.604	93.548	92.891	92.998	0.000
0.716	0.640	0.625	93.548	92.891	93.098	0.000
0.722	0.629	0.639	93.316	92.857	92.931	0.000
0.737	0.625	0.646	93.349	92.824	92.998	0.000
0.749	0.611	0.659	93.249	92.790	92.964	0.000
0.743	0.615	0.652	93.249	92.656	92.931	0.000
0.746	0.604	0.642	93.216	92.723	92.964	0.000
0.737	0.608	0.628	93.216	92.556	92.864	0.000
0.731	0.600	0.611	93.183	92.656	92.831	0.000
0.710	0.604	0.587	93.150	92.522	92.797	0.000
0.689	0.608	0.567	93.183	92.522	92.764	0.000
0.677	0.597	0.560	93.116	92.556	92.663	0.000
0.686	0.600	0.563	93.116	92.556	92.596	0.000
0.689	0.604	0.577	93.116	92.522	92.596	0.000
0.704	0.597	0.594	93.116	92.489	92.596	0.000
0.707	0.590	0.615	93.083	92.489	92.395	0.000
0.707	0.600	0.628	92.983	92.489	92.462	0.000
0.707	0.600	0.646	92.884	92.455	92.429	0.000
0.707	0.604	0.659	92.784	92.422	92.462	0.000
0.713	0.615	0.652	92.718	92.489	92.462	0.000
0.719	0.611	0.646	92.718	92.355	92.395	0.000
0.746	0.615	0.646	92.718	92.455	92.429	0.000
0.752	0.608	0.632	92.718	92.321	92.496	0.000
0.775	0.615	0.618	92.718	92.422	92.362	0.000
0.775	0.608	0.611	92.718	92.321	92.362	0.000
0.775	0.604	0.604	92.651	92.422	92.462	0.000
0.775	0.611	0.608	92.651	92.254	92.462	0.000
0.760	0.615	0.618	92.518	92.254	92.429	0.000
0.752	0.622	0.615	92.452	92.187	92.328	0.000
0.740	0.625	0.618	92.518	92.120	92.429	0.000
0.728	0.632	0.615	92.319	92.087	92.362	0.000
0.716	0.632	0.615	92.352	92.087	92.295	0.000
0.716	0.636	0.611	92.252	92.087	92.328	0.000
0.704	0.632	0.622	92.286	91.986	92.261	0.000
0.719	0.640	0.611	92.219	92.053	92.194	0.000
0.713	0.629	0.615	92.252	92.020	92.027	0.000
0.719	0.629	0.618	92.219	91.953	92.094	0.000
0.722	0.625	0.625	92.219	91.919	92.027	0.000
0.713	0.629	0.625	92.219	91.986	91.994	0.000
0.710	0.625	0.628	92.219	91.919	91.994	0.000
0.698	0.618	0.628	92.219	91.919	91.960	0.000
0.683	0.615	0.632	92.186	91.919	91.960	0.000
0.680	0.611	0.618	92.219	91.953	91.960	0.000
0.668	0.615	0.611	92.219	91.886	91.960	0.000
0.665	0.611	0.622	92.053	91.919	91.927	0.000
0.653	0.611	0.618	91.986	91.752	91.960	0.000
0.650	0.615	0.622	92.020	91.819	91.927	0.000
0.653	0.604	0.628	91.854	91.785	91.927	0.000
0.671	0.600	0.635	91.820	91.819	91.927	0.000
0.701	0.600	0.646	91.754	91.785	91.927	0.000
0.713	0.590	0.652	91.721	91.718	91.860	0.000
0.719	0.586	0.649	91.721	91.684	91.893	0.000
0.716	0.586	0.635	91.721	91.517	91.893	0.000
0.704	0.583	0.618	91.721	91.617	91.826	0.000
0.704	0.575	0.598	91.721	91.517	91.893	0.000
0.701	0.572	0.574	91.721	91.584	91.826	0.000
0.680	0.575	0.560	91.721	91.584	91.860	0.000
0.677	0.575	0.536	91.654	91.517	91.860	0.000
0.665	0.565	0.546	91.687	91.483	91.726	0.000
0.665	0.572	0.553	91.687	91.550	91.692	0.000
0.662	0.565	0.550	91.654	91.483	91.592	0.000
0.656	0.561	0.557	91.654	91.517	91.525	0.000
0.641	0.558	0.577	91.687	91.483	91.458	0.000
0.650	0.565	0.584	91.654	91.483	91.458	0.000
0.662	0.554	0.594	91.554	91.450	91.424	0.000
0.659	0.554	0.584	91.488	91.416	91.458	0.000
0.653	0.558	0.598	91.421	91.450	91.391	0.000
0.650	0.558	0.594	91.388	91.450	91.424	0.000
0.644	0.547	0.584	91.388	91.416	91.358	0.000
0.638	0.551	0.587	91.322	91.349	91.424	0.000
0.644	0.547	0.581	91.322	91.349	91.358	0.000
0.632	0.540	0.581	91.255	91.349	91.391	0.000
0.629	0.536	0.574	91.222	91.349	91.391	0.000
0.617	0.540	0.577	91.222	91.249	91.391	0.000
0.600	0.536	0.577	91.189	91.316	91.458	0.000
0.591	0.522	0.581	91.122	91.215	91.391	0.000
0.588	0.529	0.584	91.156	91.215	91.424	0.000
0.582	0.536	0.587	91.189	91.215	91.391	0.000
0.582	0.536	0.591	91.189	91.148	91.424	0.000
0.597	0.543	0.594	91.122	91.182	91.358	0.000
0.623	0.536	0.594	91.089	91.048	91.358	0.000
0.641	0.543	0.587	91.089	91.115	91.257	0.000
0.647	0.533	0.581	91.089	91.048	91.291	0.000
0.665	0.533	0.574	90.989	91.048	91.291	0.000
0.665	0.533	0.560	90.956	91.014	91.123	0.000
0.671	0.529	0.550	90.890	90.914	91.090	0.000
0.671	0.536	0.546	90.956	90.947	90.989	0.000
0.653	0.526	0.543	90.857	90.981	90.989	0.000
0.647	0.526	0.529	90.823	90.947	91.056	0.000
0.620	0.529	0.533	90.823	90.947	90.989	0.000
0.614	0.536	0.536	90.724	90.981	90.956	0.000
0.611	0.533	0.543	90.757	90.947	91.023	0.000
0.605	0.526	0.560	90.724	90.914	90.956	0.000
0.608	0.529	0.577	90.724	90.880	90.956	0.000
0.614	0.518	0.591	90.724	90.847	90.989	0.000
0.623	0.511	0.604	90.724	90.880	90.922	0.000
0.629	0.515	0.608	90.690	90.813	90.956	0.000
0.641	0.501	0.594	90.624	90.880	90.989	0.000
0.635	0.493	0.587	90.657	90.847	90.956	0.000
0.623	0.490	0.584	90.624	90.713	90.922	0.000
0.620	0.493	0.563	90.524	90.813	90.855	0.000
0.623	0.483	0.550	90.524	90.679	90.922	0.000
0.594	0.483	0.546	90.425	90.713	90.889	0.000
0.579	0.483	0.529	90.491	90.746	90.889	0.000
0.570	0.472	0.519	90.491	90.612	90.889	0.000
0.552	0.465	0.516	90.458	90.646	90.855	0.000
0.549	0.461	0.505	90.358	90.612	90.855	0.000
0.531	0.458	0.509	90.292	90.612	90.755	0.000
0.516	0.461	0.502	90.325	90.612	90.855	0.000
0.501	0.458	0.488	90.325	90.545	90.755	0.000
0.510	0.458	0.488	90.358	90.545	90.621	0.000
0.528	0.451	0.488	90.225	90.512	90.621	0.000
0.534	0.451	0.481	90.258	90.579	90.655	0.000
0.543	0.451	0.485	90.225	90.478	90.554	0.000
0.552	0.451	0.478	90.258	90.478	90.454	0.000
0.552	0.429	0.481	90.225	90.512	90.621	0.000
0.561	0.422	0.485	90.192	90.478	90.521	0.000
0.555	0.422	0.471	90.225	90.445	90.521	0.000
0.546	0.415	0.464	90.192	90.378	90.554	0.000
0.540	0.401	0.457	90.159	90.411	90.420	0.000
0.528	0.390	0.454	90.159	90.344	90.420	0.000
0.528	0.394	0.451	90.125	90.344	90.420	0.000
0.519	0.401	0.461	90.092	90.344	90.454	0.000
0.504	0.394	0.471	90.059	90.311	90.487	0.000
0.483	0.394	0.485	89.993	90.311	90.387	0.000
0.480	0.394	0.509	89.893	90.210	90.420	0.000
0.486	0.404	0.512	89.826	90.210	90.387	0.000
0.477	0.397	0.529	89.893	90.177	90.387	0.000
0.474	0.408	0.529	89.826	90.210	90.353	0.000
0.468	0.404	0.529	89.793	90.110	90.353	0.000
0.462	0.408	0.512	89.760	90.042	90.320	0.000
0.454	0.411	0.505	89.760	90.110	90.253	0.000
0.465	0.401	0.488	89.760	90.009	90.286	0.000
0.456	0.408	0.481	89.760	89.975	90.286	0.000
0.459	0.401	0.468	89.727	89.975	90.052	0.000
0.448	0.394	0.468	89.727	89.942	90.052	0.000
0.456	0.390	0.468	89.727	89.908	90.018	0.000
0.445	0.397	0.464	89.727	89.875	89.952	0.000
0.433	0.397	0.481	89.727	89.875	89.985	0.000
0.418	0.383	0.492	89.727	89.908	89.918	0.000
0.418	0.372	0.509	89.693	89.808	89.885	0.000
0.430	0.372	0.509	89.660	89.808	89.985	0.000
0.439	0.365	0.519	89.660	89.841	89.952	0.000
0.439	0.358	0.519	89.560	89.841	89.918	0.000
0.439	0.372	0.509	89.428	89.774	89.918	0.000
0.436	0.362	0.516	89.394	89.841	89.952	0.000
0.436	0.372	0.502	89.328	89.741	89.918	0.000
0.436	0.372	0.488	89.295	89.707	89.918	0.000
0.418	0.372	0.478	89.261	89.741	89.918	0.000
0.406	0.379	0.468	89.261	89.674	89.851	0.000
0.379	0.379	0.474	89.228	89.573	89.885	0.000
0.373	0.372	0.468	89.228	89.607	89.885	0.000
0.364	0.376	0.474	89.228	89.439	89.784	0.000
0.361	0.365	0.471	89.228	89.473	89.784	0.000
0.358	0.369	0.474	89.228	89.473	89.751	0.000
0.364	0.365	0.474	89.228	89.473	89.717	0.000
0.364	0.362	0.471	89.195	89.473	89.650	0.000
0.361	0.362	0.478	89.128	89.406	89.516	0.000
0.352	0.369	0.471	89.162	89.406	89.416	0.000
0.343	0.369	0.478	89.128	89.339	89.449	0.000
0.337	0.362	0.471	89.095	89.372	89.449	0.000
0.334	0.369	0.454	89.095	89.339	89.416	0.000
0.340	0.358	0.447	88.996	89.339	89.416	0.000
0.340	0.351	0.440	88.929	89.305	89.382	0.000
0.325	0.351	0.420	88.829	89.272	89.382	0.000
0.307	0.347	0.413	88.796	89.205	89.382	0.000
0.281	0.337	0.403	88.796	89.272	89.382	0.000
